# id	left	top	right	bottom	texture_id
[SPRITES]
#WALK-LEFT
170001	51	20	66	45	90
170002	68	20	83	45	90

#WALK-RIGHT

170003	66	20	51	45	90
170004	83	20	68	45	90

#SLIDE
170005	51	51	66	66	90
170006	68	51	83	66	90
170007	85	51	100	66	90

#DIE
170008	85	17	100	32	90


170009	85	34	100	49	90



# ani_id	sprite1_id	time1	sprite2_id	time2	...
[ANIMATIONS]

#WALK-LEFT
10001	170001	300	170002	300

#WALK-RIGHT
10002	170003	300	170004	300

#SLIDE
10003	170005	300	170006	300	170007	300


#DIE
10004	170008	300

#WALK
10005	170008	150	170009	150