# id	left	top	right	bottom	texture_id
[SPRITES]
#FLY
200001	102	70	117	96	90
200002	119	71	134	97	90
200003	86	71	101	97	91
200004	103	70	118	96	91
#WALK					
200005	0	20	15	45	90
200006	17	20	32	46	90
200007	205	20	219	45	91
200008	188	20	203	46	91
#DIE					
200009	51	51	66	66	90
2000010	68	51	83	66	90
2000011	85	51	100	66	90
2000012	85	34	100	49	90

# ani_id	sprite1_id	time1	sprite2_id	time2	...
[ANIMATIONS]
14001	200001	100	200002	100
14002	200003	100	200004	100
14003	200005	100	200006	100
14004	200007	100	200008	100
14005	200009	100
14006	200009	100	2000010	100	2000011	100
14007	200009	100	2000014	100