# list of object assets to load in this scene
[ASSETS]
Resource\Objects\objectscene1.txt


#
[OBJECTS]
# type	x	y	extra_settings per object type
# type: 0 = Mario , 1 = Brick, 2 = Goomba, 3 = Koopas
# See OBJECT_TYPE constants in AssetIDs.h



#COIN
4	100	120
4	120	120
4	140	120
4	160	120
4	180	120

#Goomba
2	300	10

#Platform
5	2	1248	1872	48
5	1056	1104	96	144
5	1872	1200	1392	96
5	3456	1248	1008	48
5	4560	1248	240	48
5	4752	1104	48	144
5	4656	1200	48	48
5	4704	1152	48	48
5	4944	1104	48	144
5	4992	1152	48	48
5	5040	1200	48	48
5	4944	1248	1703	48
5	5328	1152	96	100
5	5520	1104	96	144
5	6768	1248	1680	48			
5	6720	1152	96	96
5	6720	624	96	384
5	4464	1004	96	48
5	5856	1392	384	590
5	7010	1392	381	611
5	6229	1868	784	108
5	6624	1820	394	58
5	6671	1773	347	57
5	6721	1726	298	60
5	6768	1678	251	65
5	6816	1632	202	58
5	6864	1581	153	55
5	6336	1392	575	48
5	6720	1104	96	48

#Bigbox
6	720	1104	142	144
6	817	1008	142	240
6	1200	1104	240	142
6	1392	1008	192	240
6	1532	912	192	336
6	1532	1152	286	96
6	3890	433	192	48
6	4176	576	192	48
6	4418	530	668	48
6	6386	1104	142	142
6	6482	816	142	428
6	3745	1152	334	96
6	3842	1052	334	192
6	3937	960	334	289

#Portal
50	300	110	316	140	2

# MARIO
0	20	10

[MAP]
Resource\Map\worldmap1-1.txt	.\Resource\Textures\world-1-1.png	1110	176	41	29	30

[MAPPIPE]
.\Resource\Map\map-pipe.txt	.\Resource\Textures\world-1-1.png	1110	176	41	29	30
